0.76609356257497
0.7664934026389444
0.7373050779688125
0.6941223510595762
0.6469412235105958
0.601359456217513
0.5709716113554578
0.5501799280287885
0.5445821671331468
0.5461815273890444
0.549780087964814
0.5565773690523791
0.5737704918032787
0.5929628148740503
0.6133546581367453
0.6589364254298281
0.7025189924030388
0.7445021991203519
0.7736905237904838
0.7920831667333067
0.8000799680127949
0.8056777289084366
0.8056777289084366
0.8024790083966413
0.8020791683326669
0.8044782087165134
0.8036785285885646
0.8048780487804879
0.8072770891643343
0.8092762894842063
0.8140743702518992
0.8148740503798481
0.8164734106357457
0.8172730907636945
0.8180727708916433
0.8172730907636945
0.8172730907636945
0.8200719712115154
0.8204718112754898
0.819672131147541
0.8184726109556177
0.8220711715313874
0.8184726109556177
0.8200719712115154
0.8164734106357457
0.8168732506997202
0.8208716513394642
0.8204718112754898
0.8228708516593363
0.8224710115953618
0.8232706917233107
0.8256697321071571
0.824470211915234
0.8224710115953618
0.821671331467413
0.8200719712115154
0.8220711715313874
0.8208716513394642
0.8200719712115154
0.8208716513394642
0.8204718112754898
0.8220711715313874
0.8184726109556177
0.8180727708916433
0.8180727708916433
0.8160735705717713
0.8156737305077969
0.8148740503798481
0.8164734106357457
0.8144742103158736
0.8128748500599761
0.8120751699320272
0.8104758096761295
0.8120751699320272
0.8120751699320272
0.8116753298680528
0.8100759696121551
0.8112754898040784
0.810875649740104
0.808876449420232
0.8052778888444622
0.8048780487804879
0.8024790083966413
0.8020791683326669
0.8008796481407437
0.7996801279488205
0.8000799680127949
0.8020791683326669
0.7996801279488205
0.7980807676929228
0.7988804478208716
0.8000799680127949
0.8008796481407437
0.8012794882047181
0.8024790083966413
0.8020791683326669
0.8024790083966413
0.804078368652539
0.8056777289084366
0.8068772491003599
0.8092762894842063
0.8120751699320272
0.8140743702518992
0.8172730907636945
0.8188724510195922
0.8228708516593363
0.8248700519792083
0.8284686125549781
0.8292682926829268
0.8316673330667733
0.8348660535785686
0.8360655737704918
0.837265093962415
0.840063974410236
0.840063974410236
0.8408636545381847
0.8408636545381847
0.8420631747301079
0.8432626949220312
0.8424630147940824
0.8428628548580568
0.84406237504998
0.846061575369852
0.8452618952419032
0.8472610955617753
0.8480607756897242
0.8504598160735706
0.8500599760095962
0.850859656137545
0.8516593362654938
0.8540583766493403
0.8572570971611355
0.8576569372251099
0.8572570971611355
0.8580567772890844
0.8572570971611355
0.8556577369052379
0.8556577369052379
0.8568572570971611
0.8572570971611355
0.8580567772890844
0.8588564574170332
0.8604558176729308
0.8612554978008796
0.8628548580567773
0.8628548580567773
0.8640543782487006
0.8660535785685726
0.8652538984406237
0.8648540583766493
0.8652538984406237
0.8648540583766493
0.8636545381847262
0.8644542183126749
0.8628548580567773
0.8620551779288285
0.8604558176729308
0.861655337864854
0.8620551779288285
0.8620551779288285
0.8632546981207517
0.8640543782487006
0.8644542183126749
0.8644542183126749
0.8636545381847262
0.8636545381847262
0.8628548580567773
0.8604558176729308
0.8592562974810076
0.8592562974810076
0.8600559776089565
0.8604558176729308
0.8584566173530588
0.8576569372251099
0.8580567772890844
0.8584566173530588
0.8588564574170332
0.859656137544982
0.859656137544982
0.8600559776089565
0.859656137544982
0.8588564574170332
0.8580567772890844
0.8576569372251099
0.8564574170331867
0.8556577369052379
0.8548580567772891
0.8556577369052379
0.8560575769692124
0.8556577369052379
0.8560575769692124
0.8560575769692124
0.8572570971611355
0.8564574170331867
0.8564574170331867
0.8576569372251099
0.8568572570971611
0.8564574170331867
0.8568572570971611
0.8560575769692124
0.8560575769692124
0.8556577369052379
0.8544582167133147
0.8548580567772891
0.8540583766493403
0.8532586965213914
0.8520591763294683
0.8520591763294683
0.8516593362654938
0.8512594962015194
0.8524590163934426
0.852858856457417
0.8524590163934426
0.8520591763294683
0.8516593362654938
0.8516593362654938
0.8516593362654938
0.8516593362654938
0.8516593362654938
0.8516593362654938
0.8516593362654938
0.8516593362654938
0.8512594962015194
0.8516593362654938
0.850859656137545
0.8504598160735706
0.8500599760095962
0.8500599760095962
0.8492602958816473
0.8492602958816473
0.8492602958816473
0.8492602958816473
0.8488604558176729
0.8492602958816473
0.8492602958816473
0.8492602958816473
0.8496601359456217
0.8500599760095962
0.8500599760095962
0.8504598160735706
0.8504598160735706
0.8504598160735706
0.8504598160735706
0.8504598160735706
0.8504598160735706
0.850859656137545
0.850859656137545
0.8512594962015194
0.850859656137545
0.8512594962015194
0.8512594962015194
0.850859656137545
0.850859656137545
0.8504598160735706
0.850859656137545
0.850859656137545
0.850859656137545
0.850859656137545
0.8512594962015194
0.8512594962015194
0.850859656137545
0.850859656137545
0.8504598160735706
0.8504598160735706
0.8504598160735706
0.8500599760095962
0.8500599760095962
0.8500599760095962
0.8500599760095962
0.8500599760095962
0.8500599760095962
0.8504598160735706
0.8504598160735706
0.8500599760095962
0.8500599760095962
0.8496601359456217
0.8496601359456217
0.8496601359456217
0.8496601359456217
0.8492602958816473
0.8488604558176729
0.8488604558176729
0.8488604558176729
0.8492602958816473
0.8492602958816473
0.8492602958816473
0.8492602958816473
0.8496601359456217
0.8500599760095962
0.8504598160735706
0.8504598160735706
0.8504598160735706
0.8504598160735706
0.8504598160735706
0.8504598160735706
0.8504598160735706
0.8504598160735706
0.850859656137545
0.850859656137545
0.8512594962015194
0.8512594962015194
0.850859656137545
0.8504598160735706
0.8504598160735706
0.8504598160735706
0.8500599760095962
0.850859656137545
0.850859656137545
0.850859656137545
0.8516593362654938
0.8516593362654938
0.8516593362654938
0.8516593362654938
0.8516593362654938
0.8516593362654938
0.8520591763294683
0.8520591763294683
0.8520591763294683
0.8520591763294683
0.8520591763294683
0.8516593362654938
0.8516593362654938
0.8516593362654938
0.8516593362654938
0.8516593362654938
0.8516593362654938
0.850859656137545
0.850859656137545
0.8512594962015194
0.8512594962015194
0.8512594962015194
0.8512594962015194
0.8504598160735706
0.8504598160735706
0.8504598160735706
0.8504598160735706
0.8504598160735706
0.8504598160735706
0.8504598160735706
0.8504598160735706
0.8504598160735706
0.8504598160735706
0.8504598160735706
0.850859656137545
0.850859656137545
0.8512594962015194
0.8512594962015194
0.8512594962015194
0.8512594962015194
0.8512594962015194
0.8516593362654938
0.8516593362654938
0.8524590163934426
0.8524590163934426
0.8524590163934426
0.8524590163934426
0.8524590163934426
0.8524590163934426
0.8524590163934426
0.8524590163934426
0.8524590163934426
0.8520591763294683
0.8520591763294683
0.8520591763294683
0.8520591763294683
0.8520591763294683
0.8524590163934426
0.8524590163934426
0.8524590163934426
0.8520591763294683
0.8524590163934426
0.8524590163934426
0.8524590163934426
0.8524590163934426
0.8524590163934426
0.8524590163934426
0.8524590163934426
0.8524590163934426
0.8524590163934426
0.8520591763294683
0.8524590163934426
0.8524590163934426
0.8524590163934426
0.8524590163934426
0.8524590163934426
0.8524590163934426
0.852858856457417
0.852858856457417
0.852858856457417
0.8536585365853658
0.8536585365853658
0.8536585365853658
0.8536585365853658
0.8536585365853658
0.8540583766493403
0.8540583766493403
0.8540583766493403
0.8536585365853658
0.8536585365853658
0.8536585365853658
0.8536585365853658
0.8532586965213914
0.8532586965213914
0.8532586965213914
0.852858856457417
0.852858856457417
0.852858856457417
0.8532586965213914
0.8532586965213914
0.8532586965213914
0.8532586965213914
0.8532586965213914
0.8532586965213914
0.8532586965213914
0.8532586965213914
0.852858856457417
0.852858856457417
0.852858856457417
0.8532586965213914
0.8532586965213914
0.8532586965213914
0.8532586965213914
0.8532586965213914
0.8532586965213914
0.8532586965213914
0.8532586965213914
0.8532586965213914
0.8532586965213914
0.8532586965213914
0.8536585365853658
0.8540583766493403
0.8540583766493403
0.8536585365853658
0.8536585365853658
0.8536585365853658
0.8536585365853658
0.8536585365853658
0.8536585365853658
0.8536585365853658
0.8536585365853658
0.8532586965213914
0.8532586965213914
0.8532586965213914
0.8532586965213914
0.8532586965213914
0.8532586965213914
0.8540583766493403
0.8540583766493403
0.8540583766493403
0.8540583766493403
0.8544582167133147
0.8544582167133147
0.8540583766493403
0.8544582167133147
0.8544582167133147
0.8544582167133147
0.8540583766493403
0.8540583766493403
0.8540583766493403
0.8540583766493403
0.8544582167133147
0.8544582167133147
0.8552578968412635
0.8552578968412635
0.8548580567772891
0.8548580567772891
0.8548580567772891
0.8548580567772891
0.8548580567772891
0.8548580567772891
0.8552578968412635
0.8564574170331867
0.8564574170331867
0.8568572570971611
0.8564574170331867
0.8564574170331867
0.8568572570971611
0.8572570971611355
0.8572570971611355
0.8576569372251099
0.8576569372251099
0.8580567772890844
0.8584566173530588
0.8584566173530588
0.8584566173530588
0.8584566173530588
0.8584566173530588
0.8584566173530588
0.8584566173530588
0.8584566173530588
0.8584566173530588
0.8588564574170332
0.8588564574170332
0.8592562974810076
0.8584566173530588
0.8588564574170332
0.8588564574170332
0.8588564574170332
0.8592562974810076
0.8592562974810076
